ARNT	HSE	Brachyury	p53	YY1	FOXO3A	ISRE	LHX8	ER	Hnf1a	ETS1	Foxc2	GAS_ISRE	MEF1	HIF1	CRE	Myc	AP2	AP3	AP4	GATA	Elk1	AP1	E2F1
1.004673003	1.114613343	0.88950389	0.845269151	0.925640269	0.943799197	0.849136855	0.97691854	1.192693328	0.918766872	0.913935077	1.014132432	0.916623188	0.902547467	0.895492594	1.087879682	1.335356033	1.201313431	1.252013248	1.227650115	1.239400676	1.206258648	1.160730894	1.300455958
0.965851677	1.09578688	0.839366988	0.904197936	0.87039884	0.899471984	0.877903424	0.955067397	1.195134357	0.894666317	0.97393704	0.982944818	0.906361625	0.892502629	0.880807322	1.072715126	1.343221771	1.157782257	1.253292033	1.217317861	1.169898914	1.174533763	1.161859102	1.254328326
1.059262324	1.174527584	0.896593451	0.906582404	0.937158203	0.9194404	0.952990636	1.043102001	1.245691556	0.969607663	1.040935581	1.004258674	1.024587892	1.00784205	0.976399683	1.181577232	1.381613924	1.249029014	1.255329198	1.319947069	1.250164921	1.270412166	1.214916681	1.266020774
1.056391529	1.208269554	0.932291804	0.8779199	0.941656543	0.972898669	0.87483969	0.982601893	1.264074376	0.939873858	1.026920806	1.053164643	0.96241693	0.937786537	1.00028207	1.088220361	1.261840378	1.243031919	1.167448315	1.211124107	1.286177419	1.236533015	1.128014863	1.305741827
1.150948676	1.275871719	0.992180316	0.939865194	0.919548409	0.992384204	1.015939202	1.106980947	1.300410174	0.99992804	1.06295325	0.973650545	1.07072496	1.094387898	1.010482214	1.111814279	1.321806363	1.250349807	1.154174895	1.257449888	1.337385763	1.266396949	1.162462321	1.217008211
1.068065118	1.248050248	0.93529225	0.901811507	0.880482346	0.94025279	0.962395155	1.098990079	1.176116606	1.072549354	0.984793098	0.957167419	0.978926417	1.005088329	1.036629001	1.148386372	1.266509964	1.234992526	1.135526143	1.19491322	1.192961532	1.263443025	1.256774758	1.253034023
1.142418842	1.205893906	0.977224894	1.080630822	0.919790939	1.034323921	1.081002965	1.127942508	1.245489843	1.009216723	1.110166513	1.11368946	1.05143006	1.041506266	1.031632092	1.210545685	1.265610334	1.146400764	1.284664018	1.307538362	1.309423882	1.211798564	1.173653982	1.271911943
1.058646933	1.167245921	0.943262784	0.956553931	0.944051757	0.992312579	0.946503639	0.981242692	1.245354168	0.999826022	1.019574602	1.000275129	1.055612424	0.949732356	0.985078311	1.078686827	1.203344433	1.206609564	1.175329851	1.24978455	1.190514531	1.250427866	1.200382753	1.266134481
1.202476604	1.166073721	1.091042741	1.092641696	1.068923859	1.080995972	1.068710665	1.149671104	1.411686587	1.103554567	1.059130257	1.151989589	1.068244303	1.152842365	1.005751798	1.222530169	1.356309433	1.191923499	1.330672849	1.260905098	1.404864377	1.290299227	1.329646853	1.285409088
1.098494646	1.152567041	1.068046112	1.0782255	1.056919209	1.045267332	1.00343581	1.02242453	1.311263055	1.130197997	1.158649065	1.13309176	1.102092643	1.024972578	1.00950503	1.101644494	1.356282838	1.297191172	1.282005318	1.30190314	1.251262287	1.24201761	1.206012027	1.284271672
1.035977464	1.10956947	0.981367067	0.976392048	1.055201446	1.086773679	1.045825449	1.069909642	1.294219198	0.985512916	1.118677581	1.066376103	0.996840651	0.984619964	0.960816413	1.09509089	1.216379292	1.236330392	1.137557138	1.296808759	1.285085575	1.31330286	1.242517274	1.330332731
1.521007537	1.826824712	1.096237841	1.273130194	1.418115055	1.615821684	1.562346196	1.552992334	1.102557495	0.584055917	1.018237454	1.151143465	1.345641951	1.382883463	1.566076145	1.901810217	1.327436707	1.102905366	1.189776461	1.463338272	1.539290086	1.588533144	1.688835921	1.922276622
1.249452954	1.500824014	0.789223333	1.051970743	1.17102558	1.369003853	1.310716589	1.366159765	0.938984396	0.547955399	0.850123189	0.96033159	0.958148918	1.148504374	1.136797315	1.392417971	1.212082964	0.991682697	1.077947847	1.099212364	1.400768345	1.229676623	1.410391944	1.614041857
1.21093515	1.383487687	0.766475783	0.872953285	1.201571834	1.326099102	1.18776054	1.281023035	1.029535004	0.570990373	0.847522455	0.92536207	0.964555847	1.023556019	1.126568611	1.435686965	1.163635094	0.979237397	1.062604753	1.220121191	1.263956337	1.257719498	1.572188319	1.774152306
1.219282989	1.573866697	0.708875673	0.967622307	1.133712971	1.291270197	1.344204443	1.329645422	1.009279623	0.672873654	0.877373205	0.940608169	1.012645871	1.174932675	1.178888016	1.496964767	1.245859515	0.945455566	1.135564408	1.29931553	1.342689632	1.273311266	1.637724417	1.759767729
1.253127275	1.512753633	0.679279015	0.873077717	1.041217002	1.104990599	1.146446698	1.174942671	1.083015443	0.660254529	0.911811374	1.024866052	1.034924413	1.144734983	1.225267082	1.428961125	1.195385435	1.003885321	1.146593416	1.149087629	1.286073707	1.376240314	1.471753991	1.754512949
1.234524913	1.368901059	0.622215994	0.845610271	0.993795951	1.045395744	1.003352666	1.169859425	1.053367758	0.677809879	0.913251116	0.989171212	0.986486924	1.181000841	1.24259395	1.4302031	1.281128048	0.867699058	1.112826373	1.134527069	1.227199715	1.219842177	1.369612557	1.518994847
1.425802777	1.417829444	0.648369319	0.98514213	1.211276571	1.260707885	1.072363021	1.316470963	1.068409856	0.678152063	1.002948123	0.951958994	0.98827451	1.200170857	1.359872025	1.592555989	1.639977219	1.066014506	1.222298531	1.389671519	1.509171008	1.405400425	1.615403943	1.661635873
1.300339872	1.578352242	0.667217762	0.970728693	1.055420341	1.127069996	1.18268548	1.278711629	1.001496089	0.711710149	0.873889452	1.044264721	0.974127417	1.196475518	1.337855931	1.590792548	1.182490338	0.98477892	1.17242426	1.378250335	1.447168001	1.488960923	1.482439926	1.681289672
1.310947929	1.461037666	0.786742366	1.00443407	1.102792995	1.272255393	1.227773933	1.427465425	1.149597063	0.778613239	0.999507326	0.960920363	1.092675574	1.184770496	1.283974006	1.43089655	1.378426726	1.029278936	1.243222794	1.325745757	1.36178137	1.497161257	1.640705463	1.853663973
1.460488696	1.619512483	0.712889439	0.942547234	1.112341203	1.164140655	1.118124208	1.289209184	1.184089368	0.794718071	1.031060807	1.072709052	1.077749285	1.273911634	1.337206355	1.516055059	1.478138356	0.97002977	1.377475167	1.371957438	1.451380906	1.482382763	1.657110856	1.842785982
1.355667369	1.492947579	0.689709864	0.920643168	1.09096776	1.137236457	1.05692253	1.284935328	1.112444967	0.733550275	0.959725451	0.981432361	0.987831223	1.195219995	1.302917772	1.472241516	1.365643031	1.015559627	1.367382209	1.279914682	1.403675244	1.391894774	1.506943039	1.712789521
1.29895719	1.482003293	0.737173436	0.956097695	1.070236004	1.196888035	1.072343578	1.317102086	1.146503842	0.766877058	0.972464325	1.002958288	0.982327113	1.261300768	1.227744237	1.45460483	1.254451153	0.987332602	1.216663008	1.347793633	1.307420417	1.398342481	1.457947311	1.70687157
1.350328255	1.413530341	0.708238355	0.900370073	1.1121151	1.144421304	1.08836922	1.280796121	1.137041714	0.71714306	0.960161148	0.976691429	1.000584901	1.241995878	1.235337849	1.443967049	1.321383864	0.955241422	1.220431077	1.32631999	1.342702679	1.357478258	1.492491951	1.633983284
