ARNT	HSE	Brachyury	p53	YY1	FOXO3A	ISRE	LHX8	ER	Hnf1a	ETS1	Foxc2	GAS/ISRE	MEF1	HIF1	CRE	Myc	AP2	AP3	AP4	GATA	Elk1	AP1	E2f(1)
0.979339357	1.109352052	1.081902913	1.032445388	1.028988909	1.011557158	1.047252775	1.131552464	1.114323408	0.978901963	1.012559964	0.962494355	0.97995811	1.019728958	1.035027079	1.127935963	1.128522711	1.056864774	1.02121183	0.99135169	1.002681261	1.032861446	1.048426271	1.13796402
0.981060911	1.016967734	1.00881075	0.970409559	1.018325555	0.997887834	1.034015932	1.06765972	1.154902237	0.975106614	0.974472964	0.918188767	0.981272127	0.977329417	1.018395961	1.086075797	1.150889121	1.031954055	1.036610879	0.966326038	0.981624155	0.981614097	1.003640972	1.081831349
1.023504873	1.07284408	1.026468429	1.043538913	1.023895341	1.061670671	0.970791617	1.04789414	1.146172073	1.039524096	0.9590275	0.97567748	1.021001869	1.014574156	1.025577359	1.080032706	1.201488453	0.993779202	1.042107195	1.058837271	1.015825657	1.044530103	0.982075157	1.014313843
0.969859319	1.029697883	1.050688534	1.112768129	1.094099633	1.01604889	1.06095063	1.126325859	1.137662838	1.005117527	1.067318808	0.991590219	1.000797712	1.061112876	0.976349182	1.034261068	1.244157433	1.042231431	1.000797712	1.117544263	1.010583209	1.036968558	1.059084794	1.046064507
1.055840667	1.114388286	1.201241734	1.147095885	1.168462811	1.065245375	1.124944383	1.092389625	1.29436159	1.050776593	1.063217708	1.073590398	1.100907865	1.056258427	1.154483115	1.090922368	1.217544587	1.037652797	1.049003658	1.117648857	1.111749262	1.077604975	1.183186325	1.188678348
1.129617042	1.368496276	1.278398507	1.226791245	1.254909597	1.2917798	1.171359182	1.297643761	1.37530817	1.174842287	1.166762807	1.227849404	1.147892318	1.180199213	1.299308156	1.224983558	1.367427095	1.29040199	1.283975883	1.285530053	1.316988217	1.266736721	1.194605597	1.311322661
1.138453754	1.453883688	1.294943434	1.455184877	1.369490729	1.224625005	1.344876568	1.338121227	1.470636498	1.283850797	1.228257491	1.330422525	1.311902266	1.33301406	1.251949977	1.406260166	1.571359381	1.272270214	1.383576101	1.280370116	1.275197889	1.266870279	1.3506018	1.247439187
1.420235703	1.51586149	1.558058514	1.479748326	1.560097609	1.489876949	1.430687461	1.465608367	1.694209934	1.491893759	1.411979037	1.419010017	1.383130848	1.500540416	1.473296761	1.526134967	1.757522183	1.464237828	1.42888236	1.510234477	1.528675479	1.446108819	1.398217927	1.523951017
1.635880882	1.741655681	1.690055814	1.726698126	1.70713256	1.711481833	1.66996045	1.78633121	1.839631359	1.557877358	1.645996328	1.625765435	1.620800118	1.710717938	1.679595382	1.74944248	1.852999519	1.508704705	1.713748876	1.648571393	1.689008538	1.747951653	1.670946121	1.78911573
1.33346877	1.452935125	1.436071391	1.521005114	1.536202603	1.508055377	1.374912401	1.564316281	1.583047549	1.427248125	1.388354183	1.497386941	1.486953345	1.437961292	1.415338393	1.554687849	1.659146823	1.440868833	1.445118315	1.543359625	1.505147837	1.446605633	1.444581538	1.56470768
1.429814941	1.549236527	1.524560744	1.667484719	1.616430582	1.605973572	1.547027786	1.550156836	1.688260693	1.554148676	1.546349058	1.484837911	1.445954859	1.497963817	1.575350293	1.505061699	1.734264635	1.45403057	1.520844997	1.478970941	1.484527306	1.514333811	1.596920033	1.545566795
1.342133535	1.386305568	1.486209153	1.500030991	1.407162288	1.414589718	1.366967391	1.451675218	1.544275335	1.41562274	1.456706036	1.433029166	1.357102028	1.371202782	1.371936228	1.396821735	1.644333873	1.33351813	1.506817947	1.425105885	1.367752488	1.460094349	1.358228022	1.471509246
1.552559323	1.616850386	1.788973614	1.783514369	1.801329382	1.773936534	1.634460074	1.725129436	1.959768264	1.653519119	1.70541818	1.746193425	1.71037015	1.76626702	1.77992721	1.790265957	1.859013793	1.577862681	1.800846263	1.785917886	1.82299727	1.768585991	1.770699637	1.759261794
1.555269442	1.668050966	1.733427573	1.632015893	1.725370112	1.528094137	1.515555216	1.607717435	1.829028253	1.685724656	1.638846969	1.508024986	1.645093507	1.563200825	1.518707139	1.579052131	1.856788095	1.610089973	1.698469885	1.600508128	1.71536419	1.778803798	1.634663508	1.719261113
1.469657368	1.576050011	1.707894666	1.618431537	1.671090872	1.619782665	1.561083674	1.711451481	1.752331754	1.672511288	1.518863821	1.625741484	1.564917643	1.621607265	1.682719808	1.622011448	1.831932805	1.499335984	1.660662938	1.633986827	1.628328259	1.703748898	1.546602357	1.698298195
1.510448121	1.67505703	1.636688313	1.666709415	1.544584737	1.576890941	1.57204093	1.593026555	1.771485977	1.57715909	1.469083123	1.700927642	1.626218818	1.60587442	1.644837731	1.734154882	1.676864126	1.481989282	1.710674299	1.543535456	1.656006746	1.869150743	1.607611564	1.575456923
1.702385091	1.802056329	1.872088787	1.852011308	1.731119255	1.646700869	1.620479531	1.744336719	1.823013297	1.673085541	1.632314941	1.720954874	1.789479636	1.830275364	1.851169511	1.724937703	1.966244372	1.693690713	1.745128259	1.713680243	1.703528426	1.882843681	1.680887865	1.828503822
1.514756216	1.622118385	1.67155884	1.64980202	1.911991208	1.639873662	1.774051206	1.722849065	1.764953357	1.685023154	1.553790141	1.76151807	1.693655414	1.645838227	1.722534479	1.908543337	1.721389383	1.539948324	1.641270427	1.842694037	1.669520318	1.994702359	1.593881078	1.753552733
1.696469153	1.742976591	1.714612704	1.715570861	1.682170511	1.811976136	1.777593062	1.86679988	1.812688611	1.745482538	1.694454567	1.653917181	1.62672028	1.791953124	1.86979719	1.865939996	1.75932667	1.617310692	1.751550862	1.653118717	1.665722159	1.970956396	1.765358142	1.858311597
1.724741082	1.88296893	1.949456591	1.862997059	1.816417338	1.827234369	1.848868431	1.94210459	2.079823552	1.745377829	1.86547756	1.824459788	1.734637514	1.854417594	1.914883007	1.881690321	2.111737629	1.651975451	1.833231045	1.763086562	1.81379619	2.111724843	1.829382432	1.874504539
1.595492122	1.714718559	1.703621348	1.788047431	1.869680508	1.799705737	1.789069871	1.732075095	1.836787877	1.782648451	1.757386711	1.770977677	1.643521847	1.673733692	1.671963126	1.684631402	1.949393394	1.593073179	1.615691539	1.641028092	1.761439063	2.112971268	1.749119912	1.825179446
1.736959403	1.897634631	1.847079536	1.840144988	1.836864126	1.778939519	1.717249379	1.81092792	1.874357912	1.749175642	1.728533554	1.835062138	1.770339685	1.831992543	1.716590721	1.811164043	2.109896437	1.612945319	1.687323944	1.689175642	1.918251864	2.356570008	1.60596106	1.817129246
1.753966232	1.974989455	1.823284988	1.841826785	1.859040587	1.810405957	1.703853269	1.807737441	1.954718762	1.748917351	1.78068897	1.772833763	1.768737028	1.8455602	1.801849168	1.694006072	2.312963806	1.701222339	1.750546022	1.704366927	1.875151905	2.344071428	1.694219052	1.685737433
1.792025632	1.932328012	1.811236728	1.890013974	1.861948274	1.862666568	1.797380186	1.795212245	1.942135988	1.811432626	1.752388871	1.861634837	1.783562825	1.845401396	1.838074798	1.815141634	2.25523375	1.641836917	1.808951247	1.785495688	1.946798368	2.402013835	1.665174937	1.726491113
